         1         1         1        10                       10/4/21 11:33:7
         5
  2.00000E+01  1.00000E+00  1.00000E+00  0.00000E+00 -5.00000E+00 -5.00000E+00
  1.00000E+00  1.00000E+00  1.00000E+00  1.00000E+00
  0.00000E+00  2.00000E+01  2.00000E+01  1.00000E+00
 -5.00000E+00  1.00000E+00  5.00000E+00  1.00000E+00
 -5.00000E+00  1.00000E+00  5.00000E+00  1.00000E+00
  1.00000E-02  1.50000E-01  4.00000E-01  9.00000E-01  1.50000E+00
  1.00000E-01  2.00000E-02  2.00000E-02  2.00000E-02  2.00000E-02  2.00000E-02
  4.00000E-03  4.00000E-03  4.00000E-03  4.00000E-03  4.00000E-03  8.00000E-04
  8.00000E-04  8.00000E-04  8.00000E-04  8.00000E-04  1.60000E-04  1.60000E-04
  1.60000E-04  1.60000E-04
  1.00000E-01  1.00000E-01  2.00000E-02  2.00000E-02  2.00000E-02  2.00000E-02
  2.00000E-02  4.00000E-03  4.00000E-03  4.00000E-03  4.00000E-03  4.00000E-03
  8.00000E-04  8.00000E-04  8.00000E-04  8.00000E-04  8.00000E-04  1.60000E-04
  1.60000E-04  1.60000E-04
  1.00000E-01  1.00000E-01  1.00000E-01  2.00000E-02  2.00000E-02  2.00000E-02
  2.00000E-02  2.00000E-02  4.00000E-03  4.00000E-03  4.00000E-03  4.00000E-03
  4.00000E-03  8.00000E-04  8.00000E-04  8.00000E-04  8.00000E-04  8.00000E-04
  1.60000E-04  1.60000E-04
  1.00000E-01  1.00000E-01  1.00000E-01  1.00000E-01  2.00000E-02  2.00000E-02
  2.00000E-02  2.00000E-02  2.00000E-02  4.00000E-03  4.00000E-03  4.00000E-03
  4.00000E-03  4.00000E-03  8.00000E-04  8.00000E-04  8.00000E-04  8.00000E-04
  8.00000E-04  1.60000E-04
  1.00000E-01  1.00000E-01  1.00000E-01  1.00000E-01  1.00000E-01  2.00000E-02
  2.00000E-02  2.00000E-02  2.00000E-02  2.00000E-02  4.00000E-03  4.00000E-03
  4.00000E-03  4.00000E-03  4.00000E-03  8.00000E-04  8.00000E-04  8.00000E-04
  8.00000E-04  8.00000E-04
