1 2 -0.93 imp:p=1
3 1 -8 imp:p=1
8 0  imp:p=0  $ graveyard
9 0  imp:p=1  $ implicit complement

1
2
3
4
5
6
9
10
11
12
13
14
28
29
30
31
32
33
39
40
41
42
44
46
50
51
52
53

C materials from library
C name: mat:Steel, Stainless 316
C density = 8.0
m1
     6012 -4.0525e-04
     6013 -4.7496e-06
     14028 -4.6576e-03
     14029 -2.4506e-04
     14030 -1.6730e-04
     15031 -2.3000e-04
     16032 -1.4207e-04
     16033 -1.1568e-06
     16034 -6.7534e-06
     16036 -1.6826e-08
     24050 -7.0953e-03
     24052 -1.4229e-01
     24053 -1.6445e-02
     24054 -4.1707e-03
     25055 -1.0140e-02
     26054 -3.7769e-02
     26056 -6.1482e-01
     26057 -1.4453e-02
     26058 -1.9571e-03
     28058 -8.0637e-02
     28060 -3.2131e-02
     28061 -1.4200e-03
     28062 -4.6019e-03
     28064 -1.2096e-03
     42092 -3.4791e-03
     42094 -2.2385e-03
     42095 -3.9165e-03
     42096 -4.1651e-03
     42097 -2.4237e-03
     42098 -6.2211e-03
     42100 -2.5560e-03
C name: mat:Wax, Paraffin
C density = 0.9
m2
     1001 -1.4857e-01
     1002 -3.4149e-05
     6012 -8.4153e-01
     6013 -9.8628e-03
