sb1    0.00000e+00 9.06920e-03 9.07379e-03 1.16810e-02 1.17808e-02 1.40353e-02
       1.42610e-02 1.61787e-02 1.64090e-02 1.80799e-02 1.83534e-02 1.97028e-02
       2.00177e-02 2.12087e-02 2.15452e-02 2.23845e-02 2.27275e-02 2.33422e-02
       2.37048e-02 2.42162e-02 2.44606e-02 2.47068e-02 2.49331e-02 2.50658e-02
       2.51802e-02 2.52051e-02 2.52421e-02 2.52331e-02 2.51694e-02 2.50777e-02
       2.49344e-02 2.46564e-02 2.43856e-02 2.40947e-02 2.36847e-02 2.34144e-02
       2.28364e-02 2.24159e-02 2.15288e-02 2.12770e-02 2.00984e-02 1.97234e-02
       1.83093e-02 1.80944e-02 1.64021e-02 1.61781e-02 1.42554e-02 1.40299e-02
       1.17968e-02 1.17149e-02 9.04449e-03 9.07886e-03
sb2    0.00000e+00 9.06100e-03 9.09836e-03 1.16530e-02 1.17854e-02 1.40564e-02
       1.42089e-02 1.61456e-02 1.64317e-02 1.80734e-02 1.84334e-02 1.97784e-02
       2.01080e-02 2.12139e-02 2.15663e-02 2.24007e-02 2.27597e-02 2.34097e-02
       2.37559e-02 2.40936e-02 2.43940e-02 2.46527e-02 2.48419e-02 2.50669e-02
       2.51684e-02 2.51445e-02 2.51864e-02 2.51670e-02 2.50024e-02 2.50064e-02
       2.48264e-02 2.47123e-02 2.43485e-02 2.41790e-02 2.37029e-02 2.33969e-02
       2.27943e-02 2.24381e-02 2.16141e-02 2.12604e-02 2.01613e-02 1.98572e-02
       1.84334e-02 1.81170e-02 1.64509e-02 1.61717e-02 1.42013e-02 1.40178e-02
       1.18218e-02 1.16783e-02 9.07634e-03 9.07611e-03
wwp:n 7.0 j 100 j -1 0 8.738889025e-03
