-------------------
distribution:  D1
variable:      Y
type:          H
-------------------

min / max / avg rel error:    0.0018 / 0.0019 / 0.0019
min / max / avg # of scores:  19577 / 20300 / 20000

---------------------------------------------------------------------------------------
              lower        upper                             rel      weight       # of
   bin        value        value          sp          sb   error      factor     scores
---------------------------------------------------------------------------------------
     1  -5.0000e+01  -4.8039e+01  1.9608e-02  9.0692e-03  0.0018  2.1620e+00      19800
     2  -4.8039e+01  -4.6078e+01  1.9608e-02  9.0738e-03  0.0018  2.1609e+00      20122
     3  -4.6078e+01  -4.4118e+01  1.9608e-02  1.1681e-02  0.0019  1.6786e+00      20027
     4  -4.4118e+01  -4.2157e+01  1.9608e-02  1.1781e-02  0.0018  1.6644e+00      20176
     5  -4.2157e+01  -4.0196e+01  1.9608e-02  1.4035e-02  0.0019  1.3970e+00      20187
     6  -4.0196e+01  -3.8235e+01  1.9608e-02  1.4261e-02  0.0019  1.3749e+00      19789
     7  -3.8235e+01  -3.6275e+01  1.9608e-02  1.6179e-02  0.0019  1.2120e+00      19909
     8  -3.6275e+01  -3.4314e+01  1.9608e-02  1.6409e-02  0.0019  1.1949e+00      20055
     9  -3.4314e+01  -3.2353e+01  1.9608e-02  1.8080e-02  0.0019  1.0845e+00      20135
    10  -3.2353e+01  -3.0392e+01  1.9608e-02  1.8353e-02  0.0019  1.0683e+00      19993
    11  -3.0392e+01  -2.8431e+01  1.9608e-02  1.9703e-02  0.0019  9.9518e-01      19855
    12  -2.8431e+01  -2.6471e+01  1.9608e-02  2.0018e-02  0.0019  9.7953e-01      20162
    13  -2.6471e+01  -2.4510e+01  1.9608e-02  2.1209e-02  0.0019  9.2452e-01      19917
    14  -2.4510e+01  -2.2549e+01  1.9608e-02  2.1545e-02  0.0019  9.1008e-01      19789
    15  -2.2549e+01  -2.0588e+01  1.9608e-02  2.2385e-02  0.0019  8.7595e-01      20043
    16  -2.0588e+01  -1.8627e+01  1.9608e-02  2.2728e-02  0.0019  8.6274e-01      20263
    17  -1.8627e+01  -1.6667e+01  1.9608e-02  2.3342e-02  0.0019  8.4002e-01      20070
    18  -1.6667e+01  -1.4706e+01  1.9608e-02  2.3705e-02  0.0019  8.2717e-01      19814
    19  -1.4706e+01  -1.2745e+01  1.9608e-02  2.4216e-02  0.0019  8.0970e-01      19823
    20  -1.2745e+01  -1.0784e+01  1.9608e-02  2.4461e-02  0.0019  8.0161e-01      20232
    21  -1.0784e+01  -8.8235e+00  1.9608e-02  2.4707e-02  0.0019  7.9362e-01      20013
    22  -8.8235e+00  -6.8627e+00  1.9608e-02  2.4933e-02  0.0019  7.8642e-01      20193
    23  -6.8627e+00  -4.9020e+00  1.9608e-02  2.5066e-02  0.0019  7.8226e-01      19927
    24  -4.9020e+00  -2.9412e+00  1.9608e-02  2.5180e-02  0.0019  7.7870e-01      20172
    25  -2.9412e+00  -9.8039e-01  1.9608e-02  2.5205e-02  0.0019  7.7793e-01      20184
    26  -9.8039e-01   9.8039e-01  1.9608e-02  2.5242e-02  0.0019  7.7679e-01      20057
    27   9.8039e-01   2.9412e+00  1.9608e-02  2.5233e-02  0.0019  7.7707e-01      19886
    28   2.9412e+00   4.9020e+00  1.9608e-02  2.5169e-02  0.0019  7.7904e-01      20074
    29   4.9020e+00   6.8627e+00  1.9608e-02  2.5078e-02  0.0019  7.8188e-01      19886
    30   6.8627e+00   8.8235e+00  1.9608e-02  2.4934e-02  0.0019  7.8638e-01      20018
    31   8.8235e+00   1.0784e+01  1.9608e-02  2.4656e-02  0.0019  7.9524e-01      20166
    32   1.0784e+01   1.2745e+01  1.9608e-02  2.4386e-02  0.0019  8.0407e-01      19836
    33   1.2745e+01   1.4706e+01  1.9608e-02  2.4095e-02  0.0019  8.1378e-01      19862
    34   1.4706e+01   1.6667e+01  1.9608e-02  2.3685e-02  0.0019  8.2787e-01      19890
    35   1.6667e+01   1.8627e+01  1.9608e-02  2.3414e-02  0.0019  8.3743e-01      20076
    36   1.8627e+01   2.0588e+01  1.9608e-02  2.2836e-02  0.0019  8.5862e-01      20087
    37   2.0588e+01   2.2549e+01  1.9608e-02  2.2416e-02  0.0019  8.7473e-01      19937
    38   2.2549e+01   2.4510e+01  1.9608e-02  2.1529e-02  0.0019  9.1077e-01      20136
    39   2.4510e+01   2.6471e+01  1.9608e-02  2.1277e-02  0.0019  9.2155e-01      19875
    40   2.6471e+01   2.8431e+01  1.9608e-02  2.0098e-02  0.0019  9.7559e-01      20042
    41   2.8431e+01   3.0392e+01  1.9608e-02  1.9723e-02  0.0019  9.9414e-01      19906
    42   3.0392e+01   3.2353e+01  1.9608e-02  1.8309e-02  0.0019  1.0709e+00      19849
    43   3.2353e+01   3.4314e+01  1.9608e-02  1.8094e-02  0.0019  1.0836e+00      19951
    44   3.4314e+01   3.6275e+01  1.9608e-02  1.6402e-02  0.0019  1.1954e+00      20031
    45   3.6275e+01   3.8235e+01  1.9608e-02  1.6178e-02  0.0019  1.2120e+00      19577
    46   3.8235e+01   4.0196e+01  1.9608e-02  1.4255e-02  0.0019  1.3755e+00      19899
    47   4.0196e+01   4.2157e+01  1.9608e-02  1.4030e-02  0.0019  1.3976e+00      19964
    48   4.2157e+01   4.4118e+01  1.9608e-02  1.1797e-02  0.0018  1.6621e+00      20300
    49   4.4118e+01   4.6078e+01  1.9608e-02  1.1715e-02  0.0019  1.6738e+00      19896
    50   4.6078e+01   4.8039e+01  1.9608e-02  9.0445e-03  0.0018  2.1679e+00      19982
    51   4.8039e+01   5.0000e+01  1.9608e-02  9.0789e-03  0.0018  2.1597e+00      20167
---------------------------------------------------------------------------------------


-------------------
distribution:  D2
variable:      Z
type:          H
-------------------

min / max / avg rel error:    0.0018 / 0.0019 / 0.0019
min / max / avg # of scores:  19684 / 20352 / 20000

---------------------------------------------------------------------------------------
              lower        upper                             rel      weight       # of
   bin        value        value          sp          sb   error      factor     scores
---------------------------------------------------------------------------------------
     1  -5.0000e+01  -4.8039e+01  1.9608e-02  9.0610e-03  0.0018  2.1640e+00      20098
     2  -4.8039e+01  -4.6078e+01  1.9608e-02  9.0984e-03  0.0018  2.1551e+00      19946
     3  -4.6078e+01  -4.4118e+01  1.9608e-02  1.1653e-02  0.0019  1.6826e+00      20041
     4  -4.4118e+01  -4.2157e+01  1.9608e-02  1.1785e-02  0.0018  1.6637e+00      20025
     5  -4.2157e+01  -4.0196e+01  1.9608e-02  1.4056e-02  0.0019  1.3949e+00      19833
     6  -4.0196e+01  -3.8235e+01  1.9608e-02  1.4209e-02  0.0019  1.3800e+00      20194
     7  -3.8235e+01  -3.6275e+01  1.9608e-02  1.6146e-02  0.0019  1.2144e+00      19684
     8  -3.6275e+01  -3.4314e+01  1.9608e-02  1.6432e-02  0.0019  1.1933e+00      20084
     9  -3.4314e+01  -3.2353e+01  1.9608e-02  1.8073e-02  0.0019  1.0849e+00      20078
    10  -3.2353e+01  -3.0392e+01  1.9608e-02  1.8433e-02  0.0019  1.0637e+00      19959
    11  -3.0392e+01  -2.8431e+01  1.9608e-02  1.9778e-02  0.0019  9.9138e-01      20015
    12  -2.8431e+01  -2.6471e+01  1.9608e-02  2.0108e-02  0.0019  9.7513e-01      19933
    13  -2.6471e+01  -2.4510e+01  1.9608e-02  2.1214e-02  0.0019  9.2429e-01      20142
    14  -2.4510e+01  -2.2549e+01  1.9608e-02  2.1566e-02  0.0019  9.0919e-01      19890
    15  -2.2549e+01  -2.0588e+01  1.9608e-02  2.2401e-02  0.0019  8.7532e-01      19718
    16  -2.0588e+01  -1.8627e+01  1.9608e-02  2.2760e-02  0.0019  8.6152e-01      20065
    17  -1.8627e+01  -1.6667e+01  1.9608e-02  2.3410e-02  0.0019  8.3759e-01      20035
    18  -1.6667e+01  -1.4706e+01  1.9608e-02  2.3756e-02  0.0019  8.2539e-01      19830
    19  -1.4706e+01  -1.2745e+01  1.9608e-02  2.4094e-02  0.0019  8.1382e-01      20005
    20  -1.2745e+01  -1.0784e+01  1.9608e-02  2.4394e-02  0.0019  8.0380e-01      20134
    21  -1.0784e+01  -8.8235e+00  1.9608e-02  2.4653e-02  0.0019  7.9536e-01      20255
    22  -8.8235e+00  -6.8627e+00  1.9608e-02  2.4842e-02  0.0019  7.8931e-01      19981
    23  -6.8627e+00  -4.9020e+00  1.9608e-02  2.5067e-02  0.0019  7.8222e-01      20178
    24  -4.9020e+00  -2.9412e+00  1.9608e-02  2.5168e-02  0.0019  7.7907e-01      20031
    25  -2.9412e+00  -9.8039e-01  1.9608e-02  2.5145e-02  0.0019  7.7981e-01      19995
    26  -9.8039e-01   9.8039e-01  1.9608e-02  2.5186e-02  0.0019  7.7851e-01      19732
    27   9.8039e-01   2.9412e+00  1.9608e-02  2.5167e-02  0.0019  7.7911e-01      20146
    28   2.9412e+00   4.9020e+00  1.9608e-02  2.5002e-02  0.0019  7.8424e-01      20043
    29   4.9020e+00   6.8627e+00  1.9608e-02  2.5006e-02  0.0019  7.8411e-01      20080
    30   6.8627e+00   8.8235e+00  1.9608e-02  2.4826e-02  0.0019  7.8980e-01      20197
    31   8.8235e+00   1.0784e+01  1.9608e-02  2.4712e-02  0.0019  7.9344e-01      19808
    32   1.0784e+01   1.2745e+01  1.9608e-02  2.4348e-02  0.0019  8.0530e-01      20179
    33   1.2745e+01   1.4706e+01  1.9608e-02  2.4179e-02  0.0019  8.1095e-01      19795
    34   1.4706e+01   1.6667e+01  1.9608e-02  2.3703e-02  0.0019  8.2723e-01      20352
    35   1.6667e+01   1.8627e+01  1.9608e-02  2.3397e-02  0.0019  8.3805e-01      20238
    36   1.8627e+01   2.0588e+01  1.9608e-02  2.2794e-02  0.0019  8.6021e-01      20029
    37   2.0588e+01   2.2549e+01  1.9608e-02  2.2438e-02  0.0019  8.7386e-01      20088
    38   2.2549e+01   2.4510e+01  1.9608e-02  2.1614e-02  0.0019  9.0718e-01      19797
    39   2.4510e+01   2.6471e+01  1.9608e-02  2.1260e-02  0.0019  9.2227e-01      19892
    40   2.6471e+01   2.8431e+01  1.9608e-02  2.0161e-02  0.0019  9.7255e-01      19990
    41   2.8431e+01   3.0392e+01  1.9608e-02  1.9857e-02  0.0019  9.8744e-01      20057
    42   3.0392e+01   3.2353e+01  1.9608e-02  1.8433e-02  0.0019  1.0637e+00      19853
    43   3.2353e+01   3.4314e+01  1.9608e-02  1.8117e-02  0.0019  1.0823e+00      20054
    44   3.4314e+01   3.6275e+01  1.9608e-02  1.6451e-02  0.0019  1.1919e+00      19891
    45   3.6275e+01   3.8235e+01  1.9608e-02  1.6172e-02  0.0019  1.2125e+00      19989
    46   3.8235e+01   4.0196e+01  1.9608e-02  1.4201e-02  0.0019  1.3807e+00      19799
    47   4.0196e+01   4.2157e+01  1.9608e-02  1.4018e-02  0.0019  1.3988e+00      19707
    48   4.2157e+01   4.4118e+01  1.9608e-02  1.1822e-02  0.0018  1.6586e+00      19789
    49   4.4118e+01   4.6078e+01  1.9608e-02  1.1678e-02  0.0019  1.6790e+00      20030
    50   4.6078e+01   4.8039e+01  1.9608e-02  9.0763e-03  0.0018  2.1603e+00      20155
    51   4.8039e+01   5.0000e+01  1.9608e-02  9.0761e-03  0.0018  2.1604e+00      20161
---------------------------------------------------------------------------------------


